        18        2 
        21        2 
       108        2 
        17        2 
        21        2 
       100        2 
         2        2 
         2819        2 
       411        2 
       419        2 
        20        2 
       431        2 
       947        2 
        19        2 
        18        2 
        18        2 
        19        2 
        18        2 
        18        2 
        18        2 
        18        2 
        18        2 
        19        2 
        18        2 
        18        2 
        18        2 
        18        2 
        19        2 
        19        2 
        18        2 
        19        2 
        18        2 
        18        2 
        18        2 
        18        2 
        19        2 
       437        2 
        19        2 
        19        2 
        19        2 
        18        2 
        18        2 
        17        2 
         0        2 
         1        2 
         0        2 
         0        2 
         0        2 
         0        2 
         0        2 
         0        2 
         0        2 
         0        2 
         0        2 
         0        2 
         1        2 
         0        2 
         0        2 
         0        2 
         0        2 
         0        2 
         0        2 
         0        2 
         0        2 
        39        2 
        36        2 
        46        2 
        48        2 
        40        2 
        35        2 
        34        2 
        34        2 
        34        2 
        37        2 
        35        2 
        35        2 
        37        2 
        34        2 
         0        2 
         0        2 
         0        2 
         1        2 
         1        2 
         0        2 
         0        2 
         0        2 
         0        2 
         0        2 
         0        2 
         0        2 
         0        2 
        85        2 
        78        2 
        78        2 
        71        2 
        73        2 
        62        2 
        73        2 
        62        2 
        41        2 
        61        2 
        84        2 
        58        2 
        76        2 
        85        2 
        84        2 
         1        2 
         1        2 
         1        2 
         1        2 
         1        2 
         1        2 
         1        2 
         1        2 
       440        2 
       409        2 
       417        2 
       414        2 
       452        2 
       444        2 
       447        2 
       387        2 
       388        2 
       362        2 
       401        2 
       433        2 
       442        2 
       435        2 
       448        2 
       416        2 
       437        2 
       432        2 
       475        2 
        19        2 
       467        2 
       421        2 
       431        2 
        18        2 
        18        2 
        19        2 
        18        2 
        18        2 
        18        2 
        18        2 
        18        2 
         0        2 
         0        2 
         0        2 
         0        2 
         0        2 
         0        2 
         0        2 
         0        2 
         1        2 
         0        2 
         0        2 
         0        2 
         0        2 
         0        2 
         0        2 
         0        2 
         0        2 
         0        2 
         0        2 
         1        2 
         0        2 
       426        2 
        20        2 
        20        2 
        39        2 
        26        2 
        18        2 
        19        2 
        18        2 
        18        2 
        19        2 
        18        2 
        19        2 
        19        2 
        19        2 
        18        2 
        18        2 
        18        2 
        18        2 
        18        2 
        18        2 
        18        2 
        18        2 
        18        2 
       438        2 
        18        2 
        18        2 
        22        2 
        19        2 
        19        2 
        17        2 
        18        2 
        18        2 
        18        2 
         0        2 
         0        2 
         0        2 
         0        2 
         0        2 
         0        2 
         1        2 
         0        2 
         0        2 
         0        2 
         0        2 
         0        2 
         0        2 
         0        2 
         0        2 
         0        2 
         0        2 
         1        2 
         0        2 
         0        2 
         0        2 
        12        2 
     57755        2 
     94811        2 
     28034        2 
